{
  "y_rmse": 0.25314135183606257,
  "y_mad": 0.44109994146589704,
  "dy_rmse": 1.0156869268835598,
  "dy_mad": 3.593156253541613,
  "ddy_rmse": 3.3658601071636167,
  "ddy_mad": 7.23289959810435,
  "dddy_rmse": 5.768553584087504,
  "dddy_mad": 12.596576582693825
}