{
  "y_rmse": 0.0007390158364125838,
  "y_mad": 0.007263393868884305,
  "dy_rmse": 0.48661798895793096,
  "dy_mad": 1.2251885587039433,
  "ddy_rmse": 1.7333493488242953,
  "ddy_mad": 5.675759768896886,
  "dddy_rmse": 4.050515251910495,
  "dddy_mad": 10.28862666579143
}